chr	position	GM06990_ABL1	GM06990_MLLT3
8	1	-0.046610519	-0.181629164
8	100001	0.256050886	0.462550726
8	200001	0.256050886	-0.181629164
8	300001	0.861373481	-0.50371923
8	400001	0.861373481	-0.50371923
8	500001	0.861373481	-0.50371923
8	600001	1.164034779	-0.50371923
8	700001	0.861373481	-0.50371923
8	800001	0.861373481	-0.181629164
8	900001	0.861373481	-0.825809256
8	1000001	0.558712183	-0.825809256
8	1100001	0.558712183	-1.147899242
8	1200001	0.861373481	-0.825809256
8	1300001	0.256050886	-0.50371923
8	1400001	0.256050886	-0.50371923
8	1500001	0.256050886	0.462550726
8	1600001	0.256050886	0.784640833
8	1700001	0.256050886	0.784640833
8	1800001	-0.046610519	0.462550726
8	1900001	-0.651933222	0.462550726
8	2000001	-0.651933222	0.784640833
8	2100001	-0.954594591	0.784640833
8	2200001	-1.257255924	0.784640833
8	2300001	-1.257255924	0.462550726
8	2400001	-0.954594591	0.462550726
8	2500001	-0.954594591	-0.50371923
8	2600001	-0.954594591	-0.825809256
8	2700001	-0.954594591	-0.825809256
8	2800001	-0.954594591	-0.825809256
8	2900001	-0.954594591	-0.181629164
8	3000001	-0.349271924	-0.181629164
8	3100001	-0.046610519	-0.50371923
8	3200001	-0.046610519	-0.50371923
8	3300001	-0.046610519	-0.50371923
8	3400001	-0.349271924	0.140460781
8	3500001	-0.046610519	0.140460781
8	3600001	-0.349271924	0.462550726
8	3700001	-0.349271924	1.106730859
8	3800001	-0.349271924	1.428820966
8	3900001	-0.349271924	0.784640833
8	4000001	-0.349271924	1.106730859
8	4100001	-0.349271924	1.106730859
8	4200001	0.256050886	1.106730859
8	4300001	0.256050886	1.106730859
8	4400001	0.256050886	1.106730859
8	4500001	-0.046610519	1.106730859
8	4600001	-0.046610519	0.784640833
8	4700001	0.256050886	0.140460781
8	4800001	0.256050886	-0.181629164
8	4900001	0.256050886	-0.181629164
8	5000001	-0.046610519	-0.825809256
8	5100001	-0.349271924	-0.825809256
8	5200001	-0.954594591	-1.147899242
8	5300001	-0.954594591	-0.825809256
8	5400001	-0.954594591	-0.825809256
8	5500001	-0.651933222	-0.181629164
8	5600001	-0.651933222	0.140460781
8	5700001	-0.954594591	0.140460781
8	5800001	-0.349271924	0.462550726
8	5900001	-0.046610519	0.784640833
8	6000001	-0.349271924	0.784640833
8	6100001	-0.349271924	0.784640833
8	6200001	-0.349271924	0.784640833
8	6300001	-0.349271924	0.462550726
8	6400001	-0.349271924	-0.181629164
8	6500001	-0.651933222	-0.825809256
8	6600001	-0.651933222	-1.147899242
8	6700001	-0.651933222	-1.147899242
8	6800001	-1.257255924	-1.469989268
8	6900001	-1.559917257	-1.792079294
8	7000001	-1.559917257	-1.792079294
8	7100001	-1.559917257	-1.792079294
8	7200001	-0.954594591	-1.469989268
8	7300001	-0.954594591	-1.469989268
8	7400001	-0.954594591	-1.469989268
8	7500001	-0.954594591	-1.147899242
8	7600001	-0.954594591	-1.147899242
8	7700001	-0.954594591	-0.825809256
8	7800001	-0.349271924	-0.181629164
8	7900001	-0.349271924	-0.181629164
8	8000001	-0.349271924	0.462550726
8	8100001	-0.349271924	0.462550726
8	8200001	-0.954594591	0.140460781
8	8300001	-0.349271924	0.140460781
8	8400001	-0.046610519	0.140460781
8	8500001	-0.046610519	0.462550726
8	8600001	-0.046610519	0.462550726
8	8700001	-0.046610519	0.140460781
8	8800001	-0.651933222	0.462550726
8	8900001	-0.651933222	0.462550726
8	9000001	-0.349271924	0.140460781
8	9100001	-0.349271924	0.462550726
8	9200001	-0.349271924	0.784640833
8	9300001	-0.651933222	0.784640833
8	9400001	-0.954594591	1.106730859
8	9500001	-0.954594591	1.750910911
8	9600001	-0.954594591	2.395090801
8	9700001	-0.954594591	3.039271096
8	9800001	-0.954594591	3.361361041
8	9900001	-0.954594591	4.327631281
8	10000001	-0.651933222	4.327631281
8	10100001	-0.651933222	4.005540931
8	10200001	-0.349271924	3.683450784
8	10300001	-0.651933222	4.327631281
8	10400001	-0.349271924	4.649721226
8	10500001	0.558712183	4.005540931
8	10600001	0.861373481	4.005540931
8	10700001	1.164034779	3.683450784
8	10800001	1.466696076	2.717180746
8	10900001	1.466696076	2.073000856
8	11000001	1.164034779	1.750910911
8	11100001	1.164034779	1.750910911
8	11200001	0.861373481	1.750910911
8	11300001	0.861373481	1.106730859
8	11400001	0.558712183	0.462550726
8	11500001	-0.046610519	-0.181629164
8	11600001	-0.046610519	-0.50371923
8	11700001	-0.349271924	-0.825809256
8	11800001	-0.046610519	-1.147899242
8	11900001	0.256050886	-1.469989268
8	12000001	0.256050886	-1.469989268
8	12100001	0.558712183	-1.147899242
8	12200001	0.558712183	-1.147899242
8	12300001	0.558712183	-1.147899242
8	12400001	0.558712183	-1.147899242
8	12500001	0.256050886	-0.825809256
8	12600001	-0.046610519	-1.147899242
8	12700001	-0.046610519	-1.147899242
8	12800001	-0.651933222	-1.147899242
8	12900001	-0.954594591	-1.147899242
8	13000001	-1.257255924	-1.147899242
8	13100001	-1.257255924	-1.469989268
8	13200001	-1.257255924	-1.469989268
8	13300001	-1.257255924	-1.147899242
8	13400001	-1.257255924	-1.147899242
8	13500001	-1.257255924	-1.469989268
8	13600001	-1.257255924	-1.469989268
8	13700001	-1.257255924	-1.469989268
8	13800001	-0.954594591	-1.147899242
8	13900001	-0.651933222	-1.147899242
8	14000001	-0.651933222	-1.147899242
8	14100001	-0.651933222	-1.147899242
8	14200001	-0.651933222	-1.147899242
8	14300001	-0.651933222	-1.469989268
8	14400001	-0.651933222	-1.147899242
8	14500001	-0.651933222	-0.50371923
8	14600001	-0.349271924	-0.50371923
8	14700001	-0.046610519	-0.50371923
8	14800001	-0.349271924	-0.825809256
8	14900001	-0.651933222	-0.50371923
8	15000001	-0.349271924	-0.50371923
8	15100001	-0.349271924	-0.50371923
8	15200001	-0.046610519	-0.50371923
8	15300001	-0.046610519	-0.181629164
8	15400001	-0.046610519	0.140460781
8	15500001	0.256050886	-0.50371923
8	15600001	0.558712183	-0.50371923
8	15700001	0.256050886	-0.50371923
8	15800001	0.256050886	-0.181629164
8	15900001	0.558712183	-0.50371923
8	16000001	0.256050886	-0.50371923
8	16100001	-0.046610519	-0.50371923
8	16200001	-0.046610519	-0.50371923
8	16300001	-0.046610519	-0.50371923
8	16400001	-0.046610519	-1.147899242
8	16500001	-0.046610519	-1.147899242
8	16600001	-0.651933222	-1.147899242
8	16700001	-0.651933222	-1.147899242
8	16800001	-0.349271924	-1.469989268
8	16900001	-0.651933222	-1.469989268
8	17000001	-0.651933222	-1.469989268
8	17100001	-0.651933222	-1.147899242
8	17200001	-0.651933222	-1.147899242
8	17300001	-0.651933222	-1.147899242
8	17400001	-0.651933222	-1.147899242
8	17500001	-0.954594591	-1.147899242
8	17600001	-0.954594591	-0.825809256
8	17700001	-0.651933222	-0.825809256
8	17800001	-0.954594591	-0.825809256
8	17900001	-0.651933222	-0.825809256
8	18000001	-0.651933222	-0.825809256
8	18100001	-0.046610519	-0.825809256
8	18200001	-0.349271924	-0.50371923
8	18300001	0.256050886	-0.50371923
8	18400001	0.256050886	-0.181629164
8	18500001	0.558712183	0.140460781
8	18600001	0.558712183	-0.181629164
8	18700001	0.558712183	-0.181629164
8	18800001	0.558712183	-0.181629164
8	18900001	0.256050886	0.140460781
8	19000001	0.256050886	0.462550726
8	19100001	-0.349271924	0.140460781
8	19200001	-0.046610519	-0.181629164
8	19300001	-0.349271924	-0.50371923
8	19400001	-0.349271924	-0.825809256
8	19500001	-0.046610519	-0.825809256
8	19600001	-0.046610519	-0.181629164
8	19700001	-0.349271924	-0.181629164
8	19800001	0.256050886	0.140460781
8	19900001	0.256050886	0.140460781
8	20000001	0.256050886	1.106730859
8	20100001	0.256050886	1.106730859
8	20200001	-0.046610519	1.428820966
8	20300001	-0.349271924	1.750910911
8	20400001	-0.349271924	2.717180746
8	20500001	-0.349271924	2.395090801
8	20600001	0.256050886	1.750910911
8	20700001	0.256050886	1.750910911
8	20800001	-0.046610519	1.428820966
8	20900001	0.558712183	1.106730859
8	21000001	0.558712183	0.140460781
8	21100001	0.558712183	0.140460781
8	21200001	0.558712183	0.140460781
8	21300001	0.861373481	0.462550726
8	21400001	1.164034779	-0.50371923
8	21500001	1.164034779	-0.50371923
8	21600001	0.558712183	-0.50371923
8	21700001	0.558712183	-0.181629164
8	21800001	0.256050886	0.140460781
8	21900001	-0.349271924	0.140460781
8	22000001	0.558712183	0.140460781
8	22100001	0.558712183	0.140460781
8	22200001	0.558712183	-0.181629164
8	22300001	0.861373481	-0.181629164
8	22400001	0.861373481	0.140460781
8	22500001	0.861373481	0.140460781
8	22600001	0.861373481	0.140460781
8	22700001	1.164034779	-0.181629164
8	22800001	1.164034779	-0.50371923
8	22900001	1.466696076	0.140460781
8	23000001	1.466696076	0.140460781
8	23100001	1.466696076	0.140460781
8	23200001	1.466696076	0.140460781
8	23300001	0.861373481	-0.50371923
8	23400001	0.558712183	-0.50371923
8	23500001	-0.046610519	-0.181629164
8	23600001	-0.046610519	0.140460781
8	23700001	-0.349271924	0.140460781
8	23800001	-0.046610519	0.140460781
8	23900001	-0.349271924	-0.50371923
8	24000001	-0.954594591	-0.825809256
8	24100001	-0.954594591	-0.50371923
8	24200001	-0.954594591	-0.50371923
8	24300001	-0.954594591	-0.50371923
8	24400001	-0.954594591	-0.825809256
8	24500001	-0.954594591	-0.825809256
8	24600001	-0.954594591	-0.825809256
8	24700001	-0.651933222	-0.50371923
8	24800001	-0.954594591	0.140460781
8	24900001	-0.954594591	0.784640833
8	25000001	-1.257255924	1.106730859
8	25100001	-0.954594591	1.106730859
8	25200001	-0.954594591	1.428820966
8	25300001	-0.954594591	1.750910911
8	25400001	-0.954594591	2.073000856
8	25500001	-0.651933222	2.073000856
8	25600001	-0.349271924	1.750910911
8	25700001	-0.651933222	1.750910911
8	25800001	-0.349271924	1.428820966
8	25900001	-0.349271924	1.428820966
8	26000001	-0.046610519	1.750910911
8	26100001	-0.349271924	2.073000856
8	26200001	-0.349271924	1.750910911
8	26300001	-0.046610519	1.428820966
8	26400001	0.256050886	1.428820966
8	26500001	-0.046610519	1.750910911
8	26600001	-0.046610519	2.073000856
8	26700001	0.558712183	1.750910911
8	26800001	0.256050886	1.428820966
8	26900001	0.558712183	1.428820966
8	27000001	0.558712183	1.106730859
8	27100001	0.558712183	0.784640833
8	27200001	0.861373481	1.106730859
8	27300001	1.164034779	1.106730859
8	27400001	1.164034779	0.784640833
8	27500001	1.164034779	0.462550726
8	27600001	1.164034779	0.140460781
8	27700001	0.861373481	0.784640833
8	27800001	0.861373481	1.428820966
8	27900001	0.861373481	0.784640833
8	28000001	0.861373481	1.106730859
8	28100001	1.164034779	0.784640833
8	28200001	0.861373481	0.784640833
8	28300001	0.861373481	1.750910911
8	28400001	1.164034779	1.750910911
8	28500001	1.466696076	2.073000856
8	28600001	1.769357374	2.395090801
8	28700001	2.374679969	2.073000856
8	28800001	2.677341624	1.750910911
8	28900001	2.374679969	1.750910911
8	29000001	2.072019029	1.428820966
8	29100001	2.374679969	1.428820966
8	29200001	2.374679969	1.106730859
8	29300001	1.769357374	0.140460781
8	29400001	1.164034779	1.106730859
8	29500001	0.861373481	1.106730859
8	29600001	0.256050886	0.784640833
8	29700001	-0.651933222	0.784640833
8	29800001	-0.954594591	0.462550726
8	29900001	-0.954594591	1.106730859
8	30000001	-0.954594591	1.106730859
8	30100001	-1.559917257	1.106730859
8	30200001	-1.257255924	1.106730859
8	30300001	-1.257255924	1.106730859
8	30400001	-0.954594591	0.140460781
8	30500001	-0.651933222	-0.181629164
8	30600001	-0.651933222	-0.181629164
8	30700001	-0.046610519	-0.181629164
8	30800001	-0.046610519	-0.181629164
8	30900001	-0.046610519	-0.825809256
8	31000001	-0.046610519	-1.147899242
8	31100001	0.558712183	-0.825809256
8	31200001	0.256050886	-0.825809256
8	31300001	0.256050886	-0.825809256
8	31400001	-0.046610519	-0.825809256
8	31500001	-0.349271924	-1.147899242
8	31600001	-0.349271924	-1.147899242
8	31700001	-0.954594591	-1.469989268
8	31800001	-0.349271924	-1.469989268
8	31900001	-0.349271924	-1.469989268
8	32000001	-0.349271924	-1.469989268
8	32100001	-0.954594591	-1.469989268
8	32200001	-0.954594591	-1.469989268
8	32300001	-0.954594591	-1.469989268
8	32400001	-0.954594591	-1.469989268
8	32500001	-0.954594591	-1.469989268
8	32600001	-0.954594591	-1.469989268
8	32700001	-0.954594591	-1.147899242
8	32800001	-1.257255924	-1.147899242
8	32900001	-0.954594591	-0.50371923
8	33000001	-0.954594591	-0.50371923
8	33100001	-0.954594591	-0.50371923
8	33200001	-0.651933222	-0.50371923
8	33300001	-0.651933222	-0.50371923
8	33400001	-0.651933222	-0.181629164
8	33500001	-0.651933222	-0.181629164
8	33600001	-0.651933222	0.140460781
8	33700001	-0.651933222	-0.181629164
8	33800001	-0.954594591	-0.181629164
8	33900001	-0.651933222	-0.825809256
8	34000001	-0.349271924	-0.50371923
8	34100001	-0.349271924	-0.825809256
8	34200001	-0.349271924	-0.825809256
8	34300001	-0.349271924	-0.825809256
8	34400001	-0.046610519	-1.147899242
8	34500001	-0.046610519	-0.825809256
8	34600001	-0.046610519	-1.147899242
8	34700001	-0.046610519	-0.825809256
8	34800001	-0.046610519	-0.50371923
8	34900001	-0.651933222	-0.181629164
8	35000001	-0.954594591	0.462550726
8	35100001	-0.954594591	1.428820966
8	35200001	-1.257255924	1.428820966
8	35300001	-1.257255924	1.750910911
8	35400001	-1.559917257	2.395090801
8	35500001	-1.559917257	2.395090801
8	35600001	-1.257255924	2.717180746
8	35700001	-1.257255924	2.717180746
8	35800001	-1.257255924	2.395090801
8	35900001	-1.257255924	2.073000856
8	36000001	-1.257255924	1.428820966
8	36100001	-1.257255924	0.462550726
8	36200001	-1.257255924	0.462550726
8	36300001	-1.257255924	0.462550726
8	36400001	-1.257255924	0.140460781
8	36500001	-0.651933222	0.784640833
8	36600001	-0.954594591	0.784640833
8	36700001	-0.954594591	0.462550726
8	36800001	-0.954594591	0.462550726
8	36900001	-0.651933222	0.462550726
8	37000001	-0.651933222	0.140460781
8	37100001	-0.349271924	0.462550726
8	37200001	-0.046610519	1.428820966
8	37300001	-0.046610519	1.106730859
8	37400001	0.256050886	0.784640833
8	37500001	-0.046610519	-0.181629164
8	37600001	-0.046610519	-0.181629164
8	37700001	-0.046610519	0.784640833
8	37800001	-0.046610519	1.106730859
8	37900001	0.256050886	2.073000856
8	38000001	0.256050886	2.717180746
8	38100001	0.256050886	2.717180746
8	38200001	-0.046610519	1.750910911
8	38300001	-0.046610519	2.395090801
8	38400001	-0.349271924	2.717180746
8	38500001	-0.651933222	3.361361041
8	38600001	-0.349271924	3.039271096
8	38700001	-0.349271924	2.073000856
8	38800001	-0.046610519	1.750910911
8	38900001	-0.651933222	0.784640833
8	39000001	-0.651933222	0.140460781
8	39100001	-0.651933222	0.462550726
8	39200001	-0.651933222	0.462550726
8	39300001	-0.651933222	-0.181629164
8	39400001	0.256050886	-0.181629164
8	39500001	0.256050886	-0.825809256
8	39600001	-0.046610519	0.140460781
8	39700001	0.256050886	0.784640833
8	39800001	-0.046610519	0.784640833
8	39900001	0.256050886	1.428820966
8	40000001	0.256050886	1.428820966
8	40100001	0.256050886	0.784640833
8	40200001	0.558712183	0.784640833
8	40300001	0.558712183	0.784640833
8	40400001	0.558712183	0.462550726
8	40500001	0.558712183	0.462550726
8	40600001	0.861373481	-0.181629164
8	40700001	0.861373481	-0.825809256
8	40800001	0.861373481	-0.825809256
8	40900001	0.558712183	-0.825809256
8	41000001	0.558712183	-0.825809256
8	41100001	0.861373481	-0.825809256
8	41200001	0.558712183	-0.825809256
8	41300001	0.558712183	-0.825809256
8	41400001	-0.046610519	-0.50371923
8	41500001	0.256050886	-0.50371923
8	41600001	-0.046610519	-0.50371923
8	41700001	-0.349271924	-0.50371923
8	41800001	-0.349271924	-0.50371923
8	41900001	-0.349271924	-1.147899242
8	42000001	-0.349271924	-0.825809256
8	42100001	-0.651933222	-0.50371923
8	42200001	-0.651933222	-0.50371923
8	42300001	-0.651933222	-0.181629164
8	42400001	-0.954594591	-0.50371923
8	42500001	-1.257255924	-0.50371923
8	42600001	-0.954594591	-0.825809256
8	42700001	-0.954594591	-0.825809256
8	42800001	-0.954594591	-0.825809256
8	42900001	-0.954594591	-0.825809256
8	43000001	-0.954594591	-1.147899242
8	43100001	-1.257255924	-1.469989268
8	43200001	-1.257255924	-1.469989268
8	43300001	-1.257255924	-1.792079294
8	43400001	-1.257255924	-1.792079294
8	43500001	-1.257255924	-1.792079294
8	43600001	-1.559917257	-1.792079294
8	43700001	-1.559917257	-1.792079294
8	43800001	-1.559917257	-1.792079294
8	43900001	-1.559917257	-1.792079294
8	44000001	-1.559917257	-1.792079294
8	44100001	-1.559917257	-1.792079294
8	44200001	-1.559917257	-1.792079294
8	44300001	-1.559917257	-1.792079294
8	44400001	-1.559917257	-1.792079294
8	44500001	-1.559917257	-1.792079294
8	44600001	-1.559917257	-1.792079294
8	44700001	-1.559917257	-1.792079294
8	44800001	-1.559917257	-1.792079294
8	44900001	-1.559917257	-1.792079294
8	45000001	-1.559917257	-1.792079294
8	45100001	-1.559917257	-1.792079294
8	45200001	-1.559917257	-1.792079294
8	45300001	-1.559917257	-1.792079294
8	45400001	-1.559917257	-1.792079294
8	45500001	-1.559917257	-1.792079294
8	45600001	-1.559917257	-1.792079294
8	45700001	-1.559917257	-1.792079294
8	45800001	-1.559917257	-1.792079294
8	45900001	-1.559917257	-1.469989268
8	46000001	-1.257255924	-1.147899242
8	46100001	-1.257255924	-0.825809256
8	46200001	-0.349271924	-0.825809256
8	46300001	-0.349271924	-0.825809256
8	46400001	-0.349271924	-0.825809256
8	46500001	-0.349271924	-0.825809256
8	46600001	-0.046610519	-0.825809256
8	46700001	-0.046610519	-0.825809256
8	46800001	-0.046610519	-0.825809256
8	46900001	0.861373481	-1.147899242
8	47000001	0.558712183	-0.825809256
8	47100001	0.558712183	-0.50371923
8	47200001	-0.046610519	-0.50371923
8	47300001	0.256050886	-0.181629164
8	47400001	0.558712183	-0.181629164
8	47500001	0.558712183	0.140460781
8	47600001	0.256050886	0.784640833
8	47700001	0.558712183	0.784640833
8	47800001	1.164034779	1.106730859
8	47900001	0.256050886	1.428820966
8	48000001	0.256050886	0.784640833
8	48100001	0.558712183	0.462550726
8	48200001	0.256050886	0.462550726
8	48300001	-0.046610519	0.462550726
8	48400001	-0.046610519	0.462550726
8	48500001	-0.046610519	0.462550726
8	48600001	0.256050886	0.140460781
8	48700001	-0.046610519	0.140460781
8	48800001	-0.651933222	-0.181629164
8	48900001	-0.651933222	-0.50371923
8	49000001	-0.651933222	-0.50371923
8	49100001	-0.349271924	-0.50371923
8	49200001	-0.349271924	-0.181629164
8	49300001	-0.349271924	-0.181629164
8	49400001	-0.651933222	0.140460781
8	49500001	-0.046610519	0.140460781
8	49600001	-0.046610519	-0.181629164
8	49700001	-0.046610519	0.462550726
8	49800001	-0.046610519	0.462550726
8	49900001	-0.046610519	0.462550726
8	50000001	-0.046610519	0.462550726
8	50100001	-0.651933222	0.140460781
8	50200001	-0.651933222	-0.181629164
8	50300001	-0.349271924	-0.50371923
8	50400001	-0.349271924	-0.825809256
8	50500001	-0.954594591	-1.147899242
8	50600001	-0.954594591	-0.825809256
8	50700001	-0.954594591	-1.147899242
8	50800001	-0.954594591	-1.147899242
8	50900001	-0.651933222	-0.825809256
8	51000001	-0.651933222	-0.825809256
8	51100001	-0.651933222	-0.825809256
8	51200001	-0.651933222	-0.825809256
8	51300001	-0.954594591	-0.825809256
8	51400001	-0.954594591	-0.50371923
8	51500001	-0.954594591	-0.50371923
8	51600001	-0.651933222	-0.825809256
8	51700001	-0.651933222	-1.147899242
8	51800001	-0.651933222	-1.147899242
8	51900001	-0.954594591	-1.469989268
8	52000001	-0.954594591	-0.825809256
8	52100001	-0.651933222	-0.50371923
8	52200001	-0.349271924	0.140460781
8	52300001	-0.349271924	0.784640833
8	52400001	-0.349271924	0.784640833
8	52500001	-0.349271924	0.784640833
8	52600001	-0.954594591	1.106730859
8	52700001	-0.651933222	1.750910911
8	52800001	-0.349271924	1.750910911
8	52900001	-0.349271924	1.750910911
8	53000001	-0.349271924	1.428820966
8	53100001	-0.349271924	1.428820966
8	53200001	-0.349271924	1.106730859
8	53300001	-0.349271924	0.462550726
8	53400001	-0.046610519	0.140460781
8	53500001	0.558712183	0.462550726
8	53600001	0.558712183	0.140460781
8	53700001	0.256050886	-0.50371923
8	53800001	-0.046610519	-0.50371923
8	53900001	-0.046610519	-0.50371923
8	54000001	-0.046610519	-0.825809256
8	54100001	-0.349271924	-0.825809256
8	54200001	-0.349271924	-1.147899242
8	54300001	-0.349271924	-0.50371923
8	54400001	-0.651933222	-0.50371923
8	54500001	-1.257255924	-0.825809256
8	54600001	-1.257255924	-0.825809256
8	54700001	-0.954594591	-0.50371923
8	54800001	-0.954594591	0.140460781
8	54900001	-0.954594591	0.140460781
8	55000001	-0.954594591	0.140460781
8	55100001	-0.954594591	0.140460781
8	55200001	-1.257255924	0.784640833
8	55300001	-0.954594591	0.462550726
8	55400001	-0.954594591	0.462550726
8	55500001	-0.954594591	0.462550726
8	55600001	-0.349271924	0.462550726
8	55700001	-0.651933222	0.784640833
8	55800001	-0.349271924	0.140460781
8	55900001	-0.046610519	0.140460781
8	56000001	0.256050886	0.140460781
8	56100001	0.558712183	0.140460781
8	56200001	0.861373481	-0.50371923
8	56300001	0.861373481	-0.50371923
8	56400001	0.861373481	-0.181629164
8	56500001	0.861373481	0.462550726
8	56600001	0.256050886	0.462550726
8	56700001	0.558712183	-0.181629164
8	56800001	0.558712183	0.462550726
8	56900001	0.558712183	0.784640833
8	57000001	0.256050886	0.784640833
8	57100001	-0.046610519	0.462550726
8	57200001	-0.349271924	1.106730859
8	57300001	-0.046610519	0.784640833
8	57400001	-0.046610519	1.106730859
8	57500001	-0.046610519	0.462550726
8	57600001	0.256050886	0.462550726
8	57700001	0.256050886	0.462550726
8	57800001	0.256050886	-0.181629164
8	57900001	0.256050886	-0.181629164
8	58000001	0.256050886	-0.181629164
8	58100001	0.256050886	-0.181629164
8	58200001	0.256050886	-0.825809256
8	58300001	-0.349271924	-0.50371923
8	58400001	-0.046610519	-0.825809256
8	58500001	0.558712183	-0.825809256
8	58600001	0.256050886	-0.181629164
8	58700001	0.256050886	0.462550726
8	58800001	-0.046610519	1.106730859
8	58900001	-0.349271924	1.106730859
8	59000001	-0.046610519	1.106730859
8	59100001	-0.046610519	1.106730859
8	59200001	-0.046610519	1.428820966
8	59300001	-0.046610519	1.428820966
8	59400001	-0.046610519	1.106730859
8	59500001	-0.349271924	1.428820966
8	59600001	-0.349271924	1.750910911
8	59700001	-0.046610519	1.428820966
8	59800001	-0.046610519	0.784640833
8	59900001	-0.046610519	0.462550726
8	60000001	0.256050886	1.428820966
8	60100001	0.256050886	1.750910911
8	60200001	0.256050886	1.750910911
8	60300001	0.861373481	1.428820966
8	60400001	0.861373481	1.750910911
8	60500001	0.558712183	1.428820966
8	60600001	0.558712183	0.462550726
8	60700001	-0.046610519	0.462550726
8	60800001	-0.046610519	0.462550726
8	60900001	0.256050886	0.784640833
8	61000001	-0.046610519	-0.181629164
8	61100001	0.256050886	-0.181629164
8	61200001	0.558712183	-0.50371923
8	61300001	0.256050886	1.106730859
8	61400001	0.256050886	1.106730859
8	61500001	0.256050886	1.106730859
8	61600001	0.558712183	1.428820966
8	61700001	0.861373481	1.428820966
8	61800001	0.861373481	1.428820966
8	61900001	1.466696076	1.106730859
8	62000001	1.466696076	1.106730859
8	62100001	1.466696076	1.428820966
8	62200001	1.466696076	1.428820966
8	62300001	1.164034779	-0.181629164
8	62400001	1.164034779	-0.50371923
8	62500001	1.164034779	-0.50371923
8	62600001	0.861373481	-0.825809256
8	62700001	0.558712183	-1.147899242
8	62800001	0.558712183	-1.147899242
8	62900001	-0.349271924	-1.147899242
8	63000001	-0.651933222	-1.147899242
8	63100001	-0.954594591	-1.792079294
8	63200001	-0.349271924	-1.792079294
8	63300001	-0.349271924	-1.469989268
8	63400001	-0.046610519	-1.469989268
8	63500001	0.256050886	-1.147899242
8	63600001	0.558712183	-0.50371923
8	63700001	0.558712183	-0.181629164
8	63800001	0.558712183	0.140460781
8	63900001	0.558712183	0.140460781
8	64000001	0.861373481	0.462550726
8	64100001	0.861373481	0.462550726
8	64200001	0.256050886	0.462550726
8	64300001	0.558712183	0.140460781
8	64400001	0.558712183	0.140460781
8	64500001	0.256050886	-0.181629164
8	64600001	0.558712183	-0.825809256
8	64700001	0.558712183	-0.825809256
8	64800001	0.558712183	-0.50371923
8	64900001	0.558712183	-0.50371923
8	65000001	0.256050886	-0.50371923
8	65100001	0.256050886	-0.181629164
8	65200001	0.256050886	0.140460781
8	65300001	-0.046610519	0.140460781
8	65400001	-0.651933222	0.140460781
8	65500001	-0.651933222	0.462550726
8	65600001	-1.257255924	0.462550726
8	65700001	-1.257255924	0.140460781
8	65800001	-0.954594591	-0.50371923
8	65900001	-0.651933222	-0.181629164
8	66000001	-0.349271924	-0.181629164
8	66100001	-0.349271924	0.140460781
8	66200001	-0.651933222	-0.181629164
8	66300001	-0.651933222	-0.181629164
8	66400001	-0.349271924	0.140460781
8	66500001	0.256050886	0.140460781
8	66600001	0.256050886	0.462550726
8	66700001	0.256050886	0.784640833
8	66800001	-0.046610519	1.106730859
8	66900001	-0.349271924	0.784640833
8	67000001	-0.651933222	0.462550726
8	67100001	-0.651933222	0.140460781
8	67200001	-0.651933222	0.140460781
8	67300001	-0.349271924	0.140460781
8	67400001	-0.651933222	-0.181629164
8	67500001	-0.651933222	-0.50371923
8	67600001	-0.046610519	-0.50371923
8	67700001	0.558712183	-0.50371923
8	67800001	0.861373481	-0.825809256
8	67900001	0.861373481	-0.825809256
8	68000001	1.164034779	-0.50371923
8	68100001	1.164034779	-0.825809256
8	68200001	1.164034779	-0.181629164
8	68300001	1.164034779	-0.181629164
8	68400001	1.164034779	-0.181629164
8	68500001	1.466696076	0.140460781
8	68600001	0.861373481	-0.181629164
8	68700001	0.558712183	-0.50371923
8	68800001	0.558712183	-0.181629164
8	68900001	0.861373481	-0.181629164
8	69000001	0.558712183	-0.50371923
8	69100001	0.558712183	-0.50371923
8	69200001	0.861373481	-0.825809256
8	69300001	0.558712183	-0.50371923
8	69400001	0.558712183	-0.181629164
8	69500001	-0.349271924	-0.181629164
8	69600001	-0.046610519	0.140460781
8	69700001	-0.046610519	0.140460781
8	69800001	-0.349271924	-0.181629164
8	69900001	-0.651933222	-0.181629164
8	70000001	-0.651933222	-0.181629164
8	70100001	-0.349271924	0.140460781
8	70200001	-0.651933222	-0.181629164
8	70300001	-0.651933222	-0.50371923
8	70400001	-0.046610519	-0.50371923
8	70500001	0.558712183	-0.825809256
8	70600001	0.558712183	-0.825809256
8	70700001	0.256050886	-0.50371923
8	70800001	0.256050886	-0.181629164
8	70900001	0.558712183	-0.181629164
8	71000001	0.558712183	-0.181629164
8	71100001	0.861373481	-0.181629164
8	71200001	0.861373481	0.140460781
8	71300001	1.164034779	0.140460781
8	71400001	0.558712183	-0.181629164
8	71500001	0.256050886	0.140460781
8	71600001	-0.046610519	-0.181629164
8	71700001	0.558712183	0.140460781
8	71800001	1.164034779	0.140460781
8	71900001	1.164034779	0.784640833
8	72000001	1.164034779	0.784640833
8	72100001	0.558712183	0.784640833
8	72200001	0.861373481	0.462550726
8	72300001	0.861373481	0.784640833
8	72400001	0.861373481	1.106730859
8	72500001	0.861373481	1.428820966
8	72600001	0.861373481	1.750910911
8	72700001	0.558712183	1.106730859
8	72800001	-0.046610519	0.784640833
8	72900001	-0.349271924	0.462550726
8	73000001	0.256050886	1.106730859
8	73100001	0.256050886	0.784640833
8	73200001	-0.046610519	1.106730859
8	73300001	-0.349271924	0.784640833
8	73400001	-0.046610519	0.784640833
8	73500001	-0.349271924	0.140460781
8	73600001	-0.046610519	0.140460781
8	73700001	-0.349271924	0.140460781
8	73800001	-0.349271924	0.140460781
8	73900001	-0.046610519	0.140460781
8	74000001	-0.651933222	-0.181629164
8	74100001	0.256050886	-0.181629164
8	74200001	0.256050886	-0.181629164
8	74300001	0.256050886	-0.181629164
8	74400001	-0.046610519	-0.50371923
8	74500001	0.256050886	-0.50371923
8	74600001	-0.046610519	-0.825809256
8	74700001	-0.046610519	-0.50371923
8	74800001	0.861373481	-0.181629164
8	74900001	0.558712183	-0.181629164
8	75000001	0.558712183	0.140460781
8	75100001	-0.349271924	0.462550726
8	75200001	-0.349271924	0.140460781
8	75300001	-0.349271924	0.140460781
8	75400001	0.256050886	0.140460781
8	75500001	-0.046610519	0.140460781
8	75600001	-0.046610519	0.140460781
8	75700001	-0.046610519	0.140460781
8	75800001	-0.954594591	-0.181629164
8	75900001	-0.651933222	-0.50371923
8	76000001	-0.651933222	-1.147899242
8	76100001	-0.349271924	-1.469989268
8	76200001	-0.349271924	-1.147899242
8	76300001	-0.349271924	-0.825809256
8	76400001	-0.954594591	-0.825809256
8	76500001	-0.954594591	-0.50371923
8	76600001	-0.954594591	-0.50371923
8	76700001	-0.954594591	-0.50371923
8	76800001	-0.954594591	-0.50371923
8	76900001	-1.257255924	-0.181629164
8	77000001	-0.954594591	0.140460781
8	77100001	-0.954594591	0.462550726
8	77200001	-0.651933222	0.140460781
8	77300001	-0.651933222	-0.181629164
8	77400001	-0.651933222	-0.181629164
8	77500001	-0.651933222	-0.181629164
8	77600001	-0.651933222	-0.181629164
8	77700001	-0.651933222	-0.50371923
8	77800001	-0.349271924	-0.181629164
8	77900001	-0.046610519	-0.181629164
8	78000001	0.558712183	-0.50371923
8	78100001	0.558712183	-0.181629164
8	78200001	0.256050886	0.462550726
8	78300001	0.861373481	0.784640833
8	78400001	0.861373481	0.784640833
8	78500001	0.861373481	0.462550726
8	78600001	1.164034779	0.462550726
8	78700001	1.164034779	0.462550726
8	78800001	0.861373481	0.462550726
8	78900001	0.558712183	0.140460781
8	79000001	-0.349271924	0.462550726
8	79100001	-0.651933222	-0.181629164
8	79200001	-0.651933222	-0.825809256
8	79300001	-0.954594591	-1.147899242
8	79400001	-0.954594591	-0.50371923
8	79500001	-0.954594591	-0.181629164
8	79600001	-0.651933222	-0.181629164
8	79700001	-0.046610519	-0.181629164
8	79800001	0.256050886	-0.181629164
8	79900001	0.256050886	0.140460781
8	80000001	0.256050886	-0.181629164
8	80100001	0.256050886	-0.181629164
8	80200001	0.256050886	-0.181629164
8	80300001	0.256050886	0.140460781
8	80400001	0.256050886	-0.50371923
8	80500001	0.861373481	-0.50371923
8	80600001	0.558712183	-0.50371923
8	80700001	0.256050886	-0.50371923
8	80800001	0.256050886	-0.825809256
8	80900001	0.558712183	-0.825809256
8	81000001	0.861373481	-0.825809256
8	81100001	0.861373481	-0.825809256
8	81200001	0.861373481	-0.825809256
8	81300001	0.861373481	-1.147899242
8	81400001	0.861373481	-1.147899242
8	81500001	0.256050886	-1.469989268
8	81600001	-0.046610519	-1.147899242
8	81700001	-0.349271924	-1.147899242
8	81800001	-0.651933222	-0.825809256
8	81900001	-0.954594591	-1.147899242
8	82000001	-1.257255924	-1.147899242
8	82100001	-0.954594591	-0.50371923
8	82200001	-0.954594591	-0.50371923
8	82300001	-1.257255924	-0.50371923
8	82400001	-1.257255924	-0.50371923
8	82500001	-0.954594591	-0.50371923
8	82600001	-0.954594591	-0.50371923
8	82700001	-0.954594591	-0.50371923
8	82800001	-0.954594591	-0.50371923
8	82900001	-0.954594591	-0.181629164
8	83000001	-0.651933222	-0.181629164
8	83100001	-0.651933222	-0.825809256
8	83200001	-0.651933222	-0.825809256
8	83300001	-0.651933222	-0.825809256
8	83400001	-0.651933222	-0.825809256
8	83500001	-0.651933222	-0.825809256
8	83600001	-0.651933222	-1.147899242
8	83700001	-0.651933222	-1.147899242
8	83800001	-0.046610519	-1.469989268
8	83900001	-0.046610519	-1.792079294
8	84000001	-0.349271924	-1.469989268
8	84100001	-0.651933222	-1.147899242
8	84200001	-0.349271924	-1.147899242
8	84300001	-0.349271924	-1.147899242
8	84400001	-0.349271924	-1.147899242
8	84500001	-0.651933222	-1.147899242
8	84600001	-0.651933222	-1.147899242
8	84700001	-0.651933222	-1.147899242
8	84800001	-0.954594591	-1.147899242
8	84900001	-0.954594591	-1.147899242
8	85000001	-0.651933222	-1.469989268
8	85100001	-0.349271924	-1.792079294
8	85200001	-0.349271924	-1.792079294
8	85300001	-0.349271924	-1.469989268
8	85400001	-0.349271924	-1.147899242
8	85500001	-0.349271924	-0.50371923
8	85600001	-0.349271924	-0.50371923
8	85700001	-0.349271924	-0.50371923
8	85800001	-0.651933222	-0.50371923
8	85900001	-0.651933222	-0.50371923
8	86000001	-0.954594591	-0.181629164
8	86100001	-0.954594591	0.140460781
8	86200001	-0.954594591	0.462550726
8	86300001	-0.954594591	0.784640833
8	86400001	-0.954594591	0.462550726
8	86500001	-0.954594591	0.140460781
8	86600001	-0.954594591	0.462550726
8	86700001	-0.954594591	0.784640833
8	86800001	-0.954594591	0.784640833
8	86900001	-0.954594591	0.784640833
8	87000001	-0.651933222	0.462550726
8	87100001	-0.651933222	0.140460781
8	87200001	-0.954594591	0.140460781
8	87300001	-0.954594591	-0.50371923
8	87400001	-0.954594591	-0.181629164
8	87500001	-0.954594591	-0.181629164
8	87600001	-0.349271924	-0.50371923
8	87700001	-0.349271924	-0.50371923
8	87800001	-0.349271924	-0.50371923
8	87900001	-0.046610519	-0.50371923
8	88000001	-0.349271924	-0.50371923
8	88100001	-0.651933222	-0.50371923
8	88200001	-0.651933222	-0.181629164
8	88300001	-0.349271924	-0.181629164
8	88400001	-0.349271924	-0.181629164
8	88500001	-0.349271924	0.140460781
8	88600001	-0.651933222	0.462550726
8	88700001	-0.349271924	0.140460781
8	88800001	-0.349271924	0.784640833
8	88900001	-0.651933222	1.106730859
8	89000001	-0.651933222	1.750910911
8	89100001	-0.651933222	1.750910911
8	89200001	-0.349271924	1.428820966
8	89300001	-0.349271924	1.750910911
8	89400001	-0.349271924	1.428820966
8	89500001	-0.349271924	0.784640833
8	89600001	-0.651933222	0.462550726
8	89700001	-0.349271924	0.462550726
8	89800001	-0.046610519	0.462550726
8	89900001	-0.046610519	0.784640833
8	90000001	0.256050886	0.140460781
8	90100001	0.256050886	0.462550726
8	90200001	-0.046610519	0.140460781
8	90300001	-0.349271924	-0.181629164
8	90400001	-0.349271924	0.140460781
8	90500001	-0.046610519	1.106730859
8	90600001	-0.046610519	1.106730859
8	90700001	-0.651933222	1.106730859
8	90800001	-0.651933222	1.106730859
8	90900001	-0.651933222	1.428820966
8	91000001	-0.651933222	1.428820966
8	91100001	-0.349271924	1.106730859
8	91200001	-0.349271924	1.106730859
8	91300001	-0.349271924	1.428820966
8	91400001	-0.349271924	1.750910911
8	91500001	-0.651933222	0.784640833
8	91600001	-0.046610519	0.784640833
8	91700001	-0.046610519	0.784640833
8	91800001	-0.046610519	0.140460781
8	91900001	-0.046610519	-0.181629164
8	92000001	-0.349271924	-0.181629164
8	92100001	-0.046610519	-0.181629164
8	92200001	-0.046610519	-0.181629164
8	92300001	-0.046610519	-0.50371923
8	92400001	-0.046610519	-0.50371923
8	92500001	0.256050886	0.462550726
8	92600001	-0.349271924	0.784640833
8	92700001	0.256050886	1.106730859
8	92800001	0.256050886	1.106730859
8	92900001	0.256050886	1.106730859
8	93000001	0.256050886	1.428820966
8	93100001	-0.349271924	1.750910911
8	93200001	-0.349271924	2.717180746
8	93300001	-0.349271924	2.717180746
8	93400001	-0.349271924	2.073000856
8	93500001	-0.349271924	1.428820966
8	93600001	0.256050886	1.428820966
8	93700001	-0.046610519	1.428820966
8	93800001	-0.349271924	1.428820966
8	93900001	0.256050886	0.784640833
8	94000001	0.256050886	0.462550726
8	94100001	0.256050886	1.428820966
8	94200001	0.558712183	0.784640833
8	94300001	0.861373481	1.106730859
8	94400001	1.164034779	1.428820966
8	94500001	1.164034779	1.106730859
8	94600001	0.558712183	0.784640833
8	94700001	0.558712183	0.462550726
8	94800001	0.558712183	0.462550726
8	94900001	-0.046610519	0.462550726
8	95000001	-0.046610519	0.462550726
8	95100001	-0.046610519	0.140460781
8	95200001	-0.349271924	-0.181629164
8	95300001	-0.651933222	-0.181629164
8	95400001	-0.349271924	0.462550726
8	95500001	-0.651933222	0.784640833
8	95600001	-0.349271924	0.784640833
8	95700001	-0.651933222	1.106730859
8	95800001	-0.651933222	1.106730859
8	95900001	-0.651933222	1.428820966
8	96000001	-0.046610519	1.428820966
8	96100001	0.256050886	0.462550726
8	96200001	0.558712183	0.784640833
8	96300001	1.164034779	0.784640833
8	96400001	1.164034779	-0.181629164
8	96500001	1.164034779	-0.50371923
8	96600001	1.164034779	-0.50371923
8	96700001	1.164034779	-0.825809256
8	96800001	1.164034779	-0.825809256
8	96900001	1.466696076	-0.825809256
8	97000001	0.861373481	-0.50371923
8	97100001	1.164034779	-0.50371923
8	97200001	1.164034779	-0.50371923
8	97300001	0.861373481	-0.825809256
